genomestart 1
trait 1 0.1 0 0 0 0 0 0 0
node 1 0 1 3 1 0.5 0.5
node 2 0 1 1 1 0.5 0.5
node 3 0 1 1 1 0.5 0.5
node 4 0 1 1 1 0.5 0.5
node 5 0 1 1 1 0.5 0.5
node 6 0 1 1 1 0.5 0.5
node 7 0 1 1 1 0.5 0.5
node 8 0 1 1 1 0.5 0.5
node 9 0 1 1 1 0.5 0.5 
node 10 0 1 1 1 0.5 0.5
node 11 0 1 1 1 0.5 0.5
node 15 0 1 1 1 0.5 0.5
node 16 0 1 1 1 0.5 0.5
node 17 0 1 1 1 0.5 0.5
node 18 0 1 1 1 0.5 0.5
node 20 0 0 0 0 0.5 0.5
node 21 0 0 2 0 0.5 0.5
node 22 0 0 2 0 0.5 0.5
gene 1 1 20 0.0 0 1 0 1
gene 1 2 20 0.0 0 2 0 1
gene 1 3 20 0.0 0 3 0 1
gene 1 4 20 0.0 0 4 0 1
gene 1 5 20 0.0 0 5 0 1
gene 1 6 20 0.0 0 6 0 1
gene 1 7 20 0.0 0 7 0 1
gene 1 8 20 0.0 0 8 0 1
gene 1 9 20 0.0 0 9 0 1
gene 1 10 20 0.0 0 10 0 1
gene 1 11 20 0.0 0 11 0 1
gene 1 20 21 0.0 0 12 0 1
gene 1 20 22 0.0 0 13 0 1
genomeend 1
